0 
17.304881932727906
1
15.856241974196406
10
15.769824258777994
100
8.117047202708818
101
11.980930041656721
1000
17.394180459706817
1001
18.91733268149877
1002
16.414429887793492
1003
-8.429633532872765
1004
13.260458326744697
1005
14.431592931939925
1006
-10.801439248261133
1007
14.882557093228124
1008
14.918408009867349
1009
12.425998794963572
1010
15.898861603091628
2988
17.208370412578727
2989
9.631584478477677
2990
8.71965457430305
2991
1.5711919188907115
2992
12.564085285156882
2993
18.955802048734306
2994
15.539775405350085
2995
13.58816642044006
2996
16.555929784875975
